image_width: 1920
image_height: 1080
camera_name: test_logi
camera_matrix:
  rows: 3
  cols: 3
  data: [1394.76774,    0.     ,  983.18664,
            0.     , 1388.70658,  544.15199,
            0.     ,    0.     ,    1.     ]
distortion_model: plumb_bob
distortion_coefficients:
  rows: 1
  cols: 5
  data: [0.008432, -0.087879, -0.000631, -0.002254, 0.000000]
rectification_matrix:
  rows: 3
  cols: 3
  data: [1., 0., 0.,
         0., 1., 0.,
         0., 0., 1.]
projection_matrix:
  rows: 3
  cols: 4
  data: [1370.53174,    0.     ,  979.61516,    0.     ,
            0.     , 1386.55371,  543.25218,    0.     ,
            0.     ,    0.     ,    1.     ,    0.     ]
